[[[235 233 231]
  [234 232 230]
  [238 232 228]
  ...
  [ 96  78  72]
  [ 96  78  72]
  [102  84  77]]

 [[231 231 226]
  [234 233 228]
  [235 230 226]
  ...
  [100  81  75]
  [100  81  75]
  [103  85  79]]

 [[233 230 226]
  [236 232 228]
  [236 232 228]
  ...
  [103  84  80]
  [101  84  80]
  [ 94  77  73]]

 ...

 [[243 229 225]
  [241 227 222]
  [245 232 230]
  ...
  [  6   0   2]
  [  6   0   0]
  [  6   0   0]]

 [[240 226 221]
  [245 230 226]
  [246 231 228]
  ...
  [  8   0   0]
  [  8   0   0]
  [  8   0   0]]

 [[239 224 221]
  [246 231 228]
  [247 232 230]
  ...
  [  8   0   0]
  [  8   0   0]
  [  8   0   0]]]
[[[231 231 226]
  [235 234 230]
  [238 232 228]
  ...
  [ 88  83  77]
  [ 88  83  77]
  [ 88  83  77]]

 [[231 231 226]
  [231 231 226]
  [235 230 226]
  ...
  [ 94  85  77]
  [ 94  85  77]
  [ 94  85  77]]

 [[237 234 230]
  [237 234 230]
  [238 232 228]
  ...
  [ 93  86  80]
  [ 95  85  80]
  [ 88  78  73]]

 ...

 [[241 226 224]
  [241 226 224]
  [247 232 230]
  ...
  [  6   0   0]
  [  4   1   0]
  [  4   1   0]]

 [[239 224 221]
  [241 226 224]
  [248 233 231]
  ...
  [  6   0   0]
  [  6   0   0]
  [  6   0   0]]

 [[238 225 223]
  [239 226 224]
  [248 233 231]
  ...
  [  6   0   0]
  [  6   0   0]
  [  6   0   0]]]
[[[231 225 221]
  [233 227 224]
  [230 224 220]
  ...
  [ 84  74  64]
  [ 84  73  66]
  [ 85  74  67]]

 [[233 227 224]
  [233 227 224]
  [233 227 224]
  ...
  [ 94  82  77]
  [ 94  82  77]
  [ 89  77  72]]

 [[231 225 221]
  [233 227 224]
  [233 227 224]
  ...
  [ 95  83  78]
  [ 95  83  78]
  [ 80  68  63]]

 ...

 [[233 221 216]
  [234 222 218]
  [244 232 227]
  ...
  [  2   1   0]
  [  2   1   0]
  [  2   1   0]]

 [[234 222 218]
  [236 224 219]
  [241 229 225]
  ...
  [  2   1   0]
  [  2   1   0]
  [  2   1   0]]

 [[234 223 216]
  [239 228 221]
  [237 225 220]
  ...
  [  2   2   0]
  [  2   2   0]
  [  2   2   0]]]
[[[231 229 229]
  [227 224 225]
  [229 228 224]
  ...
  [ 86  76  71]
  [ 90  76  69]
  [ 92  79  72]]

 [[229 227 225]
  [227 225 223]
  [229 227 225]
  ...
  [100  84  77]
  [102  84  76]
  [100  82  73]]

 [[229 227 227]
  [229 227 227]
  [231 226 227]
  ...
  [ 88  76  71]
  [ 92  76  69]
  [ 91  75  68]]

 ...

 [[236 222 218]
  [236 222 218]
  [239 226 224]
  ...
  [  4   1   0]
  [  2   1   0]
  [  2   1   0]]

 [[236 222 218]
  [238 223 219]
  [241 229 225]
  ...
  [  4   1   0]
  [  2   2   0]
  [  2   2   0]]

 [[236 222 218]
  [238 223 219]
  [243 229 225]
  ...
  [  4   1   0]
  [  2   2   0]
  [  2   2   0]]]
[[[233 227 224]
  [233 227 224]
  [233 227 224]
  ...
  [ 94  82  75]
  [ 94  82  75]
  [ 90  79  72]]

 [[232 226 223]
  [233 227 224]
  [233 227 224]
  ...
  [ 87  76  67]
  [ 87  76  67]
  [ 96  86  76]]

 [[235 227 224]
  [237 229 226]
  [231 225 221]
  ...
  [ 94  81  74]
  [ 92  81  74]
  [ 89  78  70]]

 ...

 [[229 222 216]
  [230 223 218]
  [242 232 227]
  ...
  [  6   0   0]
  [  4   1   0]
  [  4   1   0]]

 [[233 226 220]
  [230 223 218]
  [237 227 222]
  ...
  [  6   0   0]
  [  4   1   0]
  [  4   1   0]]

 [[229 222 216]
  [232 224 219]
  [242 232 227]
  ...
  [  2   1   0]
  [  2   1   0]
  [  2   1   0]]]
[[[228 223 219]
  [228 223 219]
  [230 224 220]
  ...
  [ 79  72  66]
  [ 79  71  68]
  [ 79  71  68]]

 [[232 225 224]
  [232 225 224]
  [232 226 223]
  ...
  [ 85  78  72]
  [ 85  78  72]
  [ 86  79  73]]

 [[230 224 220]
  [232 226 223]
  [228 223 219]
  ...
  [ 85  71  66]
  [ 81  71  66]
  [ 93  83  78]]

 ...

 [[235 221 216]
  [235 221 216]
  [241 229 225]
  ...
  [  8   0   0]
  [  8   0   0]
  [  8   0   0]]

 [[231 219 214]
  [233 221 216]
  [239 227 222]
  ...
  [  8   0   0]
  [  8   0   0]
  [  8   0   0]]

 [[232 220 215]
  [233 221 216]
  [238 226 221]
  ...
  [  8   0   0]
  [  6   0   0]
  [  6   0   0]]]
[[[226 226 226]
  [225 225 225]
  [223 222 218]
  ...
  [ 88  77  69]
  [ 86  79  66]
  [ 82  75  63]]

 [[226 226 226]
  [226 226 226]
  [225 222 218]
  ...
  [ 84  73  66]
  [ 84  75  63]
  [ 90  81  68]]

 [[222 222 222]
  [225 225 225]
  [229 225 223]
  ...
  [ 91  77  70]
  [ 89  78  70]
  [ 90  79  72]]

 ...

 [[233 219 214]
  [238 223 219]
  [240 226 221]
  ...
  [  6   0   0]
  [  4   1   0]
  [  4   1   0]]

 [[234 220 215]
  [235 221 216]
  [241 227 222]
  ...
  [  6   0   0]
  [  4   1   0]
  [  4   1   0]]

 [[236 222 218]
  [235 221 216]
  [239 224 220]
  ...
  [  6   0   0]
  [  4   2   0]
  [  4   2   0]]]
[[[228 227 223]
  [227 226 221]
  [224 224 219]
  ...
  [ 89  75  68]
  [ 87  75  68]
  [ 89  78  70]]

 [[223 222 218]
  [227 226 221]
  [232 226 223]
  ...
  [ 89  75  68]
  [ 89  77  65]
  [ 90  78  66]]

 [[228 227 223]
  [223 222 218]
  [228 223 219]
  ...
  [ 96  82  75]
  [ 96  84  72]
  [ 86  74  63]]

 ...

 [[236 217 213]
  [239 220 216]
  [243 229 225]
  ...
  [  4   0   2]
  [  4   0   2]
  [  4   0   2]]

 [[240 221 218]
  [239 220 216]
  [240 226 221]
  ...
  [  2   0   2]
  [  4   0   2]
  [  4   0   2]]

 [[240 222 216]
  [239 221 215]
  [239 225 218]
  ...
  [  0   0   2]
  [  0   0   2]
  [  0   0   2]]]
[[[226 220 218]
  [226 220 218]
  [226 220 217]
  ...
  [ 83  71  66]
  [ 83  71  66]
  [ 78  66  62]]

 [[228 221 222]
  [228 221 222]
  [228 223 219]
  ...
  [ 93  77  70]
  [ 93  77  70]
  [ 93  77  70]]

 [[226 219 220]
  [228 221 222]
  [226 219 220]
  ...
  [ 99  85  79]
  [101  85  79]
  [ 80  64  58]]

 ...

 [[231 216 212]
  [233 219 214]
  [238 223 219]
  ...
  [  4   0   0]
  [  2   0   0]
  [  2   0   0]]

 [[232 217 213]
  [233 219 214]
  [239 224 221]
  ...
  [  4   0   0]
  [  4   0   0]
  [  4   0   0]]

 [[232 217 213]
  [233 219 214]
  [235 220 218]
  ...
  [  2   0   0]
  [  4   0   0]
  [  4   0   0]]]
[[[223 222 218]
  [221 220 216]
  [229 220 221]
  ...
  [ 74  75  66]
  [ 74  75  66]
  [ 74  75  66]]

 [[225 219 216]
  [225 219 216]
  [229 220 221]
  ...
  [ 82  78  69]
  [ 82  78  69]
  [ 82  78  69]]

 [[227 222 218]
  [227 222 218]
  [229 220 221]
  ...
  [ 92  80  76]
  [ 92  80  76]
  [ 84  72  67]]

 ...

 [[231 215 213]
  [235 220 218]
  [236 221 219]
  ...
  [  4   0   0]
  [  2   0   0]
  [  2   0   0]]

 [[232 217 214]
  [233 218 216]
  [238 222 220]
  ...
  [  6   0   0]
  [  4   0   0]
  [  4   0   0]]

 [[232 217 214]
  [233 218 216]
  [235 220 218]
  ...
  [  8   0   0]
  [  4   0   0]
  [  4   0   0]]]
[[[228 223 219]
  [226 220 217]
  [225 217 220]
  ...
  [ 80  73  67]
  [ 80  73  67]
  [ 76  68  63]]

 [[228 223 219]
  [226 220 217]
  [228 221 222]
  ...
  [ 86  80  72]
  [ 88  79  72]
  [ 85  76  68]]

 [[228 219 218]
  [230 222 221]
  [226 219 220]
  ...
  [ 84  77  69]
  [ 86  77  69]
  [ 78  69  61]]

 ...

 [[233 216 212]
  [237 220 216]
  [238 223 219]
  ...
  [  6   0   2]
  [  6   0   0]
  [  6   0   0]]

 [[231 216 212]
  [233 219 214]
  [238 223 219]
  ...
  [  6   0   2]
  [  6   0   0]
  [  6   0   0]]

 [[231 219 214]
  [230 218 213]
  [236 222 218]
  ...
  [  6   0   2]
  [  6   0   0]
  [  6   0   0]]]
[[[228 219 218]
  [226 217 216]
  [227 219 216]
  ...
  [ 77  70  64]
  [ 77  70  64]
  [ 73  66  60]]

 [[226 218 214]
  [228 220 217]
  [226 220 217]
  ...
  [ 81  76  65]
  [ 81  75  67]
  [ 83  76  68]]

 [[226 220 217]
  [227 222 218]
  [226 220 218]
  ...
  [ 85  74  67]
  [ 83  75  67]
  [ 68  59  52]]

 ...

 [[231 215 213]
  [231 215 213]
  [233 218 216]
  ...
  [  6   0   0]
  [  6   0   0]
  [  6   0   0]]

 [[228 213 211]
  [229 214 212]
  [234 219 217]
  ...
  [  6   0   0]
  [  6   0   0]
  [  6   0   0]]

 [[231 215 213]
  [229 214 212]
  [232 217 214]
  ...
  [  6   0   0]
  [  6   0   0]
  [  6   0   0]]]
[[[228 221 215]
  [228 221 215]
  [224 218 214]
  ...
  [ 69  70  65]
  [ 67  71  65]
  [ 65  70  64]]

 [[228 221 215]
  [226 219 213]
  [225 219 216]
  ...
  [ 75  69  65]
  [ 73  70  65]
  [ 76  73  69]]

 [[227 219 216]
  [227 219 216]
  [225 216 215]
  ...
  [ 83  75  70]
  [ 83  75  70]
  [ 72  65  59]]

 ...

 [[235 215 212]
  [234 214 211]
  [237 218 214]
  ...
  [  2   0   0]
  [  4   0   0]
  [  4   0   0]]

 [[235 216 210]
  [234 215 209]
  [238 219 215]
  ...
  [  2   0   0]
  [  2   0   0]
  [  2   0   0]]

 [[232 214 208]
  [234 215 209]
  [239 220 216]
  ...
  [  0   0   0]
  [  0   2   0]
  [  0   2   0]]]
[[[225 217 213]
  [225 217 213]
  [227 218 217]
  ...
  [ 76  68  63]
  [ 76  69  61]
  [ 72  66  58]]

 [[227 218 217]
  [225 216 215]
  [228 218 220]
  ...
  [ 79  73  65]
  [ 79  73  65]
  [ 76  69  61]]

 [[227 217 219]
  [228 218 220]
  [225 216 215]
  ...
  [ 76  69  61]
  [ 76  69  61]
  [ 79  73  65]]

 ...

 [[229 215 211]
  [229 215 211]
  [236 222 218]
  ...
  [  6   0   0]
  [  4   0   0]
  [  4   0   0]]

 [[228 214 209]
  [229 215 211]
  [234 220 215]
  ...
  [  6   0   0]
  [  4   0   0]
  [  4   0   0]]

 [[228 214 209]
  [229 215 211]
  [234 220 215]
  ...
  [  6   0   2]
  [  4   0   0]
  [  4   0   0]]]
[[[223 214 215]
  [226 216 218]
  [226 218 214]
  ...
  [ 72  65  59]
  [ 72  65  59]
  [ 72  65  59]]

 [[226 216 218]
  [223 214 215]
  [226 218 214]
  ...
  [ 74  68  60]
  [ 74  68  60]
  [ 77  70  62]]

 [[226 216 218]
  [225 215 217]
  [225 217 213]
  ...
  [ 85  74  67]
  [ 83  75  67]
  [ 72  63  55]]

 ...

 [[223 211 206]
  [225 213 208]
  [232 217 213]
  ...
  [  6   0   0]
  [  6   0   0]
  [  6   0   0]]

 [[224 212 207]
  [227 215 211]
  [232 217 213]
  ...
  [  6   0   0]
  [  6   0   0]
  [  6   0   0]]

 [[225 213 208]
  [226 214 209]
  [230 218 213]
  ...
  [  8   0   0]
  [  4   0   0]
  [  4   0   0]]]
^C[[[220 215 211]
  [220 215 211]
  [222 214 211]
  ...
  [ 65  61  53]
  [ 65  61  53]
  [ 70  66  58]]

 [[223 215 217]
  [220 213 214]
  [222 213 214]
  ...
  [ 77  73  65]
  [ 77  73  65]
  [ 77  73  65]]

 [[220 213 214]
  [224 216 218]
  [224 216 218]
  ...
  [ 65  61  53]
  [ 65  61  53]
  [ 64  60  52]]

 ...

 [[226 214 209]
  [225 213 208]
  [232 217 213]
  ...
  [  6   0   0]
  [  6   0   0]
  [  6   0   0]]

 [[223 211 206]
  [225 213 208]
  [232 217 213]
  ...
  [  6   0   0]
  [  6   0   0]
  [  6   0   0]]

 [[226 214 209]
  [225 213 208]
  [231 216 212]
  ...
  [  6   0   0]
  [  6   0   0]
  [  6   0   0]]]
[[[225 215 217]
  [222 213 214]
  [223 215 212]
  ...
  [ 69  66  55]
  [ 69  66  55]
  [ 68  65  54]]

 [[225 215 217]
  [223 214 215]
  [225 216 215]
  ...
  [ 82  74  64]
  [ 80  75  64]
  [ 80  75  64]]

 [[221 211 213]
  [225 215 217]
  [222 213 214]
  ...
  [ 81  70  61]
  [ 77  71  61]
  [ 72  67  56]]

 ...

 [[226 212 207]
  [229 215 211]
  [234 217 213]
  ...
  [  6   0   2]
  [  6   0   2]
  [  6   0   2]]

 [[228 214 209]
  [229 215 211]
  [232 217 213]
  ...
  [  6   0   2]
  [  6   0   2]
  [  6   0   2]]

 [[226 212 207]
  [227 213 208]
  [232 217 213]
  ...
  [  6   0   0]
  [  6   0   2]
  [  6   0   2]]]
